-0.029
0.019
-0.017
0.012
-0.012
0.008
-0.009
0.006
-0.008
0.005
-0.007
0.004
-0.006
0.004
-0.005
0.003
-0.005
0.003
-0.004
0.003
-0.004
0.003
-0.003
0.002
-0.003
0.002
-0.003
0.002
-0.002
0.002
-0.002
0.002
-0.001
0.003
-0.002
0.002
-0.002
0.002
-0.002
0.002
-0.002
0.002
0
0.004
0.001
0.004
0
0.002
-0.001
0.002
0
0.003
0
0.003
0.002
0.006
0.003
0.003
-0.002
0
-0.001
0.002
-0.001
0
-0.003
0
0.001
0.005
0.005
0.008
0.006
0.005
0.001
0
-0.004
-0.002
-0.001
0.004
0.004
0.009
0.009
0.012
0.01
0.01
0.005
0.002
-0.001
-0.001
-0.003
0
0.002
0.006
0.004
0.005
0.002
0.002
0.001
0.002
-0.001
-0.003
-0.007
-0.004
0
0.007
0.011
0.015
0.017
0.019
0.014
0.01
0.005
0.003
-0.001
-0.004
-0.006
-0.005
-0.009
-0.012
-0.011
-0.004
0
0.003
0.001
0.001
0
0.002
0.003
0.005
0.003
0.006
0.012
0.024
0.031
0.034
0.027
0.019
0.006
-0.003
-0.012
-0.019
-0.026
-0.025
-0.021
-0.011
0.003
0.019
0.03
0.033
0.022
0.006
-0.011
-0.02
-0.019
-0.005
0.013
0.028
0.032
0.03
0.023
0.018
0.005
-0.007
-0.015
-0.012
-0.005
0.003
0.011
0.023
0.029
0.028
0.017
0.004
-0.007
-0.008
-0.009
-0.01
-0.013
-0.012
-0.012
-0.011
-0.01
-0.009
-0.01
-0.002
0.008
0.014
0.012
0.009
0.007
0.007
-0.002
-0.012
-0.016
-0.003
0.019
0.038
0.044
0.044
0.033
0.01
-0.021
-0.039
-0.042
-0.035
-0.02
0.001
0.018
0.028
0.027
0.017
0.002
-0.004
-0.005
-0.01
-0.021
-0.022
-0.01
0.008
0.022
0.032
0.024
0.005
-0.008
-0.003
0.011
0.024
0.023
0.011
-0.005
-0.021
-0.038
-0.039
-0.023
-0.004
0
0
0.004
0.009
0.005
-0.005
-0.017
-0.019
-0.013
0.002
0.02
0.037
0.038
0.02
-0.002
-0.019
-0.033
-0.044
-0.052
-0.047
-0.034
-0.019
-0.004
0.013
0.023
0.025
0.021
0.014
0.003
-0.005
-0.003
0.009
0.022
0.031
0.03
0.025
0.012
-0.004
-0.02
-0.026
-0.025
-0.022
-0.026
-0.034
-0.044
-0.049
-0.046
-0.033
-0.017
0
0.014
0.026
0.028
0.021
0.01
0.002
-0.001
0.005
0.012
0.011
0.001
-0.011
-0.023
-0.034
-0.042
-0.043
-0.047
-0.047
-0.042
-0.031
-0.022
-0.017
-0.02
-0.021
-0.013
-0.003
0
-0.001
0
0.003
0.003
0.004
0.004
0.002
-0.008
-0.02
-0.03
-0.034
-0.035
-0.033
-0.026
-0.017
-0.008
-0.002
-0.001
-0.009
-0.026
-0.041
-0.051
-0.057
-0.059
-0.055
-0.047
-0.035
-0.026
-0.023
-0.027
-0.031
-0.03
-0.025
-0.019
-0.014
-0.013
-0.012
-0.01
-0.003
0.003
0.007
0.003
-0.002
-0.01
-0.019
-0.026
-0.029
-0.028
-0.027
-0.031
-0.039
-0.046
-0.048
-0.049
-0.041
-0.022
0.004
0.029
0.052
0.065
0.071
0.078
0.089
0.094
0.093
0.084
0.066
0.05
0.042
0.036
0.034
0.032
0.03
0.02
0.003
-0.012
-0.012
-0.001
0.012
0.017
0.01
-0.014
-0.046
-0.077
-0.099
-0.107
-0.104
-0.092
-0.068
-0.041
-0.022
-0.015
-0.013
-0.014
-0.017
-0.02
-0.021
-0.019
-0.011
-0.003
0.001
-0.002
-0.007
-0.019
-0.038
-0.055
-0.066
-0.07
-0.067
-0.061
-0.051
-0.044
-0.042
-0.048
-0.051
-0.049
-0.045
-0.035
-0.013
0.016
0.044
0.062
0.074
0.085
0.093
0.098
0.099
0.094
0.088
0.083
0.086
0.092
0.095
0.098
0.105
0.115
0.124
0.134
0.145
0.157
0.173
0.191
0.209
0.221
0.227
0.226
0.216
0.191
0.159
0.131
0.114
0.106
0.105
0.108
0.111
0.107
0.099
0.09
0.08
0.066
0.053
0.043
0.034
0.02
0.002
-0.017
-0.03
-0.036
-0.041
-0.05
-0.06
-0.069
-0.068
-0.062
-0.055
-0.046
-0.039
-0.028
-0.017
-0.015
-0.016
-0.021
-0.032
-0.059
-0.093
-0.126
-0.149
-0.164
-0.169
-0.166
-0.153
-0.129
-0.099
-0.079
-0.073
-0.074
-0.074
-0.072
-0.066
-0.056
-0.042
-0.026
-0.013
-0.009
-0.016
-0.033
-0.055
-0.082
-0.111
-0.137
-0.153
-0.164
-0.164
-0.157
-0.141
-0.123
-0.108
-0.098
-0.087
-0.068
-0.046
-0.03
-0.013
0.01
0.042
0.08
0.112
0.12
0.114
0.112
0.116
0.117
0.116
0.099
0.057
0.001
-0.039
-0.05
-0.044
-0.03
-0.003
0.021
0.027
0.02
0.007
-0.017
-0.05
-0.083
-0.107
-0.125
-0.133
-0.128
-0.118
-0.109
-0.101
-0.097
-0.1
-0.098
-0.08
-0.06
-0.034
0.001
0.046
0.078
0.092
0.095
0.077
0.044
0.016
0.004
0.01
0.025
0.03
0.03
0.043
0.062
0.075
0.073
0.065
0.054
0.033
-0.003
-0.048
-0.095
-0.121
-0.111
-0.065
0.001
0.061
0.105
0.142
0.158
0.152
0.138
0.114
0.096
0.101
0.111
0.116
0.125
0.141
0.155
0.154
0.141
0.125
0.107
0.086
0.066
0.05
0.046
0.05
0.046
0.032
0.014
-0.012
-0.048
-0.088
-0.118
-0.129
-0.131
-0.14
-0.155
-0.16
-0.148
-0.135
-0.137
-0.146
-0.149
-0.142
-0.122
-0.106
-0.11
-0.122
-0.135
-0.15
-0.146
-0.119
-0.09
-0.066
-0.034
0.025
0.075
0.071
0.033
0.009
0.006
0.006
-0.007
-0.035
-0.05
-0.031
-0.013
0.001
0.039
0.065
0.03
-0.045
-0.115
-0.162
-0.193
-0.209
-0.215
-0.207
-0.162
-0.091
-0.036
-0.004
0.024
0.057
0.081
0.084
0.067
0.056
0.062
0.076
0.087
0.102
0.132
0.182
0.238
0.279
0.302
0.312
0.292
0.228
0.145
0.085
0.06
0.057
0.063
0.065
0.066
0.068
0.053
0.022
-0.001
-0.003
0.003
0
-0.006
-0.007
-0.007
-0.015
-0.036
-0.05
-0.048
-0.046
-0.045
-0.033
-0.016
0.007
0.021
0.028
0.043
0.066
0.076
0.067
0.045
0.024
0.006
-0.011
-0.023
-0.002
0.046
0.08
0.087
0.086
0.085
0.081
0.066
0.049
0.034
0.026
0.021
0.018
0.023
0.042
0.063
0.08
0.085
0.077
0.064
0.043
0.01
-0.025
-0.052
-0.072
-0.087
-0.089
-0.085
-0.092
-0.107
-0.113
-0.116
-0.118
-0.115
-0.095
-0.052
0.005
0.044
0.057
0.053
0.042
0.036
0.033
0.031
0.035
0.042
0.052
0.064
0.081
0.099
0.102
0.085
0.063
0.045
0.031
0.015
-0.006
-0.034
-0.066
-0.091
-0.107
-0.118
-0.129
-0.137
-0.142
-0.149
-0.158
-0.171
-0.186
-0.2
-0.206
-0.203
-0.189
-0.162
-0.112
-0.051
-0.009
0.007
0.01
0.009
0.013
0.013
0.008
0.003
0.005
0.011
0.02
0.026
0.033
0.042
0.049
0.055
0.066
0.083
0.094
0.086
0.06
0.026
-0.007
-0.037
-0.063
-0.081
-0.091
-0.094
-0.093
-0.089
-0.082
-0.076
-0.074
-0.075
-0.078
-0.084
-0.092
-0.099
-0.101
-0.095
-0.083
-0.065
-0.043
-0.018
0.007
0.029
0.045
0.057
0.066
0.071
0.074
0.074
0.075
0.081
0.093
0.106
0.116
0.124
0.137
0.155
0.172
0.182
0.185
0.177
0.158
0.133
0.111
0.097
0.088
0.081
0.079
0.079
0.081
0.08
0.077
0.073
0.066
0.055
0.041
0.023
0.004
-0.015
-0.033
-0.052
-0.07
-0.085
-0.095
-0.104
-0.112
-0.117
-0.112
-0.091
-0.059
-0.031
-0.01
0.004
0.011
0.009
-0.002
-0.016
-0.026
-0.026
-0.013
0.007
0.028
0.044
0.048
0.037
0.019
-0.001
-0.016
-0.023
-0.024
-0.022
-0.014
-0.004
0.004
0.01
0.017
0.02
0.018
0.012
0.002
-0.008
-0.019
-0.03
-0.04
-0.052
-0.065
-0.077
-0.086
-0.094
-0.1
-0.104
-0.107
-0.111
-0.113
-0.114
-0.111
-0.105
-0.097
-0.089
-0.083
-0.078
-0.07
-0.06
-0.048
-0.034
-0.017
0.002
0.019
0.034
0.047
0.054
0.058
0.055
0.049
0.042
0.036
0.03
0.023
0.018
0.019
0.022
0.026
0.03
0.037
0.044
0.05
0.052
0.053
0.052
0.048
0.041
0.034
0.027
0.023
0.024
0.031
0.039
0.048
0.055
0.061
0.061
0.056
0.045
0.033
0.022
0.012
0.006
0.006
0.008
0.007
0.004
-0.001
-0.007
-0.013
-0.018
-0.019
-0.018
-0.015
-0.009
0
0.011
0.02
0.028
0.033
0.036
0.035
0.033
0.032
0.03
0.03
0.03
0.033
0.035
0.035
0.035
0.035
0.035
0.033
0.026
0.013
0
-0.01
-0.017
-0.021
-0.021
-0.019
-0.017
-0.013
-0.012
-0.013
-0.017
-0.021
-0.023
-0.025
-0.027
-0.029
-0.031
-0.029
-0.025
-0.019
-0.016
-0.015
-0.017
-0.02
-0.024
-0.028
-0.031
-0.03
-0.03
-0.03
-0.032
-0.033
-0.034
-0.035
-0.036
-0.038
-0.036
-0.03
-0.022
-0.013
-0.004
0.004
0.01
0.016
0.022
0.027
0.03
0.03
0.03
0.031
0.033
0.033
0.029
0.025
0.025
0.026
0.025
0.024
0.023
0.019
0.011
0.001
-0.009
-0.018
-0.023
-0.022
-0.021
-0.022
-0.025
-0.027
-0.028
-0.028
-0.026
-0.02
-0.012
-0.008
-0.008
-0.007
-0.001
0.005
0.01
0.012
0.011
0.01
0.009
0.011
0.016
0.02
0.023
0.026
0.028
0.029
0.03
0.032
0.035
0.037
0.035
0.032
0.03
0.026
0.02
0.013
0.007
0.003
0
0.004
0.009
0.011
0.012
0.012
0.013
0.015
0.014
0.011
0.007
0.006
0.005
0.004
0.002
0
-0.002
-0.004
-0.005
-0.005
-0.004
-0.004
-0.006
-0.008
-0.01
-0.013
-0.017
-0.019
-0.019
-0.018
-0.018
-0.017
-0.014
-0.011
-0.009
-0.012
-0.015
-0.016
-0.015
-0.013
-0.01
-0.005
-0.002
-0.001
-0.002
-0.004
-0.008
-0.012
-0.015
-0.017
-0.019
-0.022
-0.027
-0.032
-0.034
-0.036
-0.037
-0.036
-0.034
-0.031
-0.027
-0.022
-0.018
-0.012
-0.008
-0.005
-0.002
0.004
0.01
0.014
0.016
0.018
0.019
0.016
0.012
0.01
0.01
0.013
0.015
0.014
0.011
0.006
-0.002
-0.013
-0.022
-0.023
-0.016
-0.008
0.001
0.008
0.012
0.014
0.015
0.016
0.017
0.017
0.017
0.015
0.011
0.009
0.013
0.019
0.028
0.035
0.037
0.033
0.027
0.023
0.021
0.021
0.02
0.018
0.014
0.012
0.01
0.009
0.011
0.014
0.015
0.013
0.009
0.006
0.003
-0.002
-0.009
-0.017
-0.022
-0.023
-0.022
-0.019
-0.019
-0.021
-0.024
-0.024
-0.021
-0.018
-0.014
-0.012
-0.014
-0.014
-0.013
-0.01
-0.008
-0.009
-0.014
-0.019
-0.022
-0.024
-0.024
-0.022
-0.019
-0.016
-0.013
-0.011
-0.009
-0.005
0
0.006
0.01
0.014
0.016
0.016
0.017
0.021
0.024
0.024
0.021
0.015
0.009
0.005
0.003
0.002
-0.001
-0.004
-0.008
-0.011
-0.015
-0.019
-0.02
-0.018
-0.015
-0.012
-0.008
-0.001
0.004
0.007
0.006
0.005
0.007
0.009
0.011
0.011
0.011
0.01
0.007
0.005
0.002
-0.003
-0.009
-0.013
-0.014
-0.014
-0.012
-0.01
-0.01
-0.008
-0.008
-0.011
-0.015
-0.02
-0.025
-0.027
-0.027
-0.024
-0.02
-0.016
-0.014
-0.012
-0.01
-0.008
-0.003
0.003
0.009
0.013
0.016
0.018
0.018
0.016
0.015
0.016
0.017
0.016
0.014
0.013
0.013
0.014
0.013
0.012
0.01
0.009
0.008
0.009
0.012
0.016
0.016
0.012
0.006
0.002
-0.002
-0.004
-0.004
-0.002
0
-0.001
-0.003
-0.004
-0.001
0.004
0.007
0.01
0.013
0.018
0.026
0.032
0.034
0.033
0.031
0.031
0.033
0.036
0.037
0.04
0.043
0.038
0.027
0.015
0.004
-0.008
-0.02
-0.025
-0.027
-0.026
-0.023
-0.016
-0.006
0.001
0.001
0
-0.002
-0.003
-0.003
-0.001
0.002
0.005
0.006
0.007
0.008
0.008
0.005
0
-0.005
-0.008
-0.009
-0.011
-0.017
-0.023
-0.028
-0.032
-0.034
-0.035
-0.035
-0.033
-0.029
-0.027
-0.026
-0.024
-0.022
-0.02
-0.02
-0.021
-0.019
-0.014
-0.011
-0.007
-0.003
0.001
0.002
0.002
0.001
0
-0.002
-0.004
-0.004
-0.004
-0.005
-0.007
-0.009
-0.01
-0.01
-0.01
-0.01
-0.009
-0.007
-0.003
0.001
0.004
0.009
0.015
0.019
0.021
0.022
0.023
0.023
0.023
0.023
0.023
0.02
0.014
0.006
-0.002
-0.01
-0.015
-0.019
-0.022
-0.026
-0.029
-0.031
-0.029
-0.024
-0.018
-0.013
-0.011
-0.01
-0.01
-0.01
-0.011
-0.013
-0.014
-0.012
-0.007
-0.001
0.004
0.005
0.006
0.007
0.008
0.009
0.008
0.004
0.001
-0.001
0
0.001
0.002
0.006
0.008
0.007
0.005
0.003
0.004
0.007
0.011
0.015
0.018
0.018
0.015
0.011
0.009
0.007
0.005
0.002
-0.003
-0.006
-0.008
-0.008
-0.008
-0.009
-0.008
-0.002
0.004
0.008
0.01
0.011
0.009
0.006
0.002
-0.004
-0.009
-0.013
-0.013
-0.012
-0.01
-0.012
-0.015
-0.015
-0.012
-0.005
0.002
0.007
0.01
0.011
0.012
0.012
0.012
0.011
0.013
0.016
0.019
0.021
0.023
0.023
0.021
0.015
0.008
0.002
-0.003
-0.006
-0.008
-0.011
-0.013
-0.015
-0.015
-0.014
-0.014
-0.015
-0.018
-0.02
-0.021
-0.018
-0.014
-0.008
-0.003
0
0.004
0.006
0.007
0.01
0.013
0.013
0.013
0.012
0.009
0.004
0
-0.001
0.002
0.006
0.007
0.006
0.004
0.003
0.003
0.003
0.003
0.003
0.004
0.004
0.004
0.002
0.002
0.003
0.004
0.002
0.001
0.002
0.004
0.007
0.009
0.01
0.013
0.014
0.014
0.012
0.008
0.006
0.006
0.006
0.005
0.005
0.004
0.004
0.003
0.003
0.001
-0.001
0
0.001
0.003
0.004
0.004
0.004
0.005
0.005
0.005
0.003
0
-0.005
-0.011
-0.016
-0.021
-0.027
-0.03
-0.029
-0.027
-0.024
-0.02
-0.015
-0.012
-0.009
-0.007
-0.006
-0.004
-0.001
0.003
0.006
0.009
0.011
0.012
0.013
0.013
0.014
0.014
0.014
0.012
0.009
0.005
-0.001
-0.007
-0.012
-0.015
-0.017
-0.019
-0.021
-0.019
-0.018
-0.015
-0.012
-0.008
-0.005
-0.003
-0.002
0.002
0.009
0.016
0.022
0.027
0.029
0.031
0.032
0.031
0.03
0.027
0.025
0.023
0.022
0.021
0.021
0.021
0.02
0.016
0.009
0.001
-0.005
-0.012
-0.019
-0.024
-0.028
-0.03
-0.029
-0.027
-0.025
-0.023
-0.019
-0.014
-0.01
-0.006
-0.004
-0.002
0
0.003
0.005
0.005
0.005
0.004
0.001
-0.002
-0.004
-0.005
-0.006
-0.005
-0.003
0.001
0.004
0.005
0.005
0.004
0.003
0.002
0.002
0.004
0.008
0.013
0.016
0.018
0.019
0.019
0.018
0.017
0.014
0.01
0.006
0.002
-0.004
-0.01
-0.016
-0.022
-0.026
-0.029
-0.028
-0.025
-0.022
-0.019
-0.017
-0.014
-0.012
-0.011
-0.009
-0.008
-0.009
-0.008
-0.006
-0.001
0.003
0.005
0.006
0.008
0.01
0.011
0.013
0.014
0.014
0.013
0.01
0.007
0.003
-0.002
-0.006
-0.008
-0.007
-0.006
-0.006
-0.005
-0.005
-0.007
-0.01
-0.014
-0.016
-0.014
-0.01
-0.007
-0.004
-0.001
0.001
0.002
0.002
0.003
0.003
0.002
0.002
0.003
0.006
0.01
0.01
0.009
0.009
0.009
0.01
0.009
0.008
0.008
0.009
0.008
0.006
0.004
0.001
0
-0.003
-0.005
-0.008
-0.009
-0.01
-0.01
-0.009
-0.008
-0.008
-0.008
-0.009
-0.008
-0.006
-0.003
-0.001
0.001
0.002
0
-0.001
-0.001
0
0.001
0.003
0.006
0.008
0.01
0.009
0.006
0.003
0.001
0
0
0
0.002
0.004
0.003
0
-0.003
-0.005
-0.005
-0.004
-0.002
-0.002
-0.003
-0.004
-0.004
-0.004
-0.003
-0.003
-0.003
-0.004
-0.005
-0.006
-0.004
0
0.004
0.006
0.005
0.004
0.003
0.004
0.006
0.008
0.01
0.011
0.011
0.01
0.007
0.003
-0.001
-0.005
-0.007
-0.009
-0.011
-0.012
-0.014
-0.016
-0.019
-0.021
-0.023
-0.021
-0.017
-0.012
-0.007
-0.002
0.001
0.003
0.006
0.008
0.011
0.013
0.015
0.017
0.018
0.016
0.013
0.01
0.007
0.003
-0.001
-0.004
-0.006
-0.006
-0.005
-0.004
-0.003
-0.003
-0.002
0
0.001
0.001
0.001
0.002
0.004
0.007
0.01
0.01
0.008
0.006
0.003
0
-0.002
-0.002
-0.002
-0.003
-0.004
-0.004
-0.004
-0.003
-0.001
0
-0.001
-0.003
-0.006
-0.007
-0.006
-0.004
-0.001
0.002
0.005
0.008
0.011
0.014
0.016
0.017
0.015
0.011
0.006
0.001
-0.004
-0.007
-0.007
-0.006
-0.004
-0.003
-0.002
-0.001
-0.002
-0.003
-0.003
-0.002
0.001
0.005
0.009
0.014
0.018
0.02
0.02
0.018
0.016
0.012
0.008
0.005
0.003
0.001
0
0
-0.001
-0.001
-0.002
-0.004
-0.005
-0.005
-0.005
-0.005
-0.004
-0.002
-0.001
-0.002
-0.005
-0.007
-0.008
-0.008
-0.006
-0.004
-0.003
-0.003
-0.003
-0.004
-0.005
-0.006
-0.005
-0.002
0.001
0.003
0.006
0.007
0.006
0.004
0
-0.002
-0.003
-0.003
-0.003
-0.001
-0.001
-0.003
-0.005
-0.007
-0.009
-0.01
-0.013
-0.016
-0.018
-0.018
-0.016
-0.012
-0.009
-0.007
-0.006
-0.005
-0.006
-0.004
-0.001
0.004
0.01
0.015
0.018
0.018
0.017
0.014
0.013
0.013
0.011
0.009
0.007
0.005
0.004
0.003
0.003
0.002
0.001
0
0
0
0.001
0.001
-0.001
-0.003
-0.003
-0.003
-0.002
0.001
0.003
0.003
0.003
0.003
0.003
0.003
0.002
0
-0.001
-0.002
-0.002
-0.002
-0.002
-0.003
-0.004
-0.003
-0.002
-0.002
-0.001
0.001
0.003
0.004
0.003
0.002
0.002
0.001
0
0
0
-0.001
-0.002
-0.004
-0.006
-0.007
-0.007
-0.006
-0.005
-0.004
-0.004
-0.005
-0.005
-0.004
-0.003
-0.003
-0.004
-0.005
-0.005
-0.004
-0.001
0.002
0.004
0.004
0.002
0
-0.003
-0.006
-0.008
-0.01
-0.011
-0.01
-0.01
-0.01
-0.011
-0.01
-0.007
-0.004
-0.001
0.001
0.003
0.007
0.009
0.01
0.009
0.007
0.004
0.003
0.003
0.004
0.005
0.005
0.005
0.003
0.001
0
0
-0.001
0
0
0.002
0.004
0.005
0.007
0.008
0.008
0.008
0.009
0.009
0.008
0.007
0.005
0.003
0.002
0.002
0.002
0.003
0.003
0.003
0.002
0.001
0
0
-0.002
-0.003
-0.004
-0.004
-0.005
-0.004
-0.004
-0.004
-0.003
-0.001
0.001
0.002
0.004
0.004
0.004
0.003
0.002
0.001
-0.001
-0.004
-0.005
-0.006
-0.006
-0.007
-0.008
-0.009
-0.009
-0.009
-0.009
-0.008
-0.008
-0.006
-0.004
-0.003
-0.002
0
0.002
0.003
0.006
0.009
0.009
0.007
0.005
0.002
0
-0.001
-0.001
-0.001
-0.003
-0.004
-0.004
-0.006
-0.006
-0.006
-0.007
-0.007
-0.007
-0.005
-0.003
-0.002
-0.001
0.001
0.002
0.003
0.003
0.002
0.001
0
-0.001
-0.002
-0.001
0
0
0.001
0.002
0.003
0.004
0.006
0.009
0.01
0.01
0.007
0.005
0.002
0
-0.002
-0.003
-0.003
-0.004
-0.004
-0.004
-0.004
-0.004
-0.004
-0.002
-0.001
0
0.002
0.004
0.008
0.011
0.011
0.01
0.008
0.007
0.006
0.004
0.004
0.003
0.002
0.001
0.001
0.001
0.001
0.001
0.003
0.006
0.007
0.007
0.007
0.008
0.01
0.011
0.012
0.011
0.01
0.009
0.007
0.006
0.004
0.001
-0.002
-0.005
-0.007
-0.008
-0.008
-0.009
-0.009
-0.008
-0.007
-0.006
-0.005
-0.004
-0.003
0
0
0.001
0
-0.001
-0.003
-0.004
-0.005
-0.006
-0.007
-0.009
-0.01
-0.009
-0.007
-0.006
-0.006
-0.006
-0.007
-0.007
-0.006
-0.005
-0.004
-0.003
-0.003
-0.003
-0.005
-0.006
-0.006
-0.006
-0.005
-0.004
-0.003
-0.002
-0.002
-0.001
-0.001
-0.001
-0.002
-0.003
-0.002
-0.001
0
0.001
0.003
0.004
0.004
0.005
0.005
0.005
0.006
0.007
0.008
0.008
0.008
0.006
0.005
0.004
0.004
0.003
0.003
0.003
0.003
0.003
0.002
-0.001
-0.004
-0.007
-0.009
-0.009
-0.009
-0.006
-0.004
-0.003
-0.002
0
0.003
0.005
0.005
0.004
0.003
0.004
0.005
0.007
0.008
0.008
0.006
0.003
0
-0.001
-0.001
-0.002
-0.005
-0.007
-0.008
-0.008
-0.006
-0.003
-0.002
-0.002
-0.001
0
0.001
0.003
0.004
0.005
0.005
0.006
0.007
0.006
0.004
0.002
-0.001
-0.003
-0.004
-0.003
-0.002
-0.002
-0.003
-0.003
-0.003
-0.004
-0.005
-0.005
-0.004
-0.004
-0.004
-0.005
-0.007
-0.009
-0.011
-0.012
-0.012
-0.012
-0.011
-0.01
-0.007
-0.005
-0.002
0.001
0.003
0.004
0.006
0.008
0.01
0.012
0.012
0.011
0.01
0.009
0.008
0.007
0.004
-0.001
-0.005
-0.007
-0.009
-0.01
-0.011
-0.012
-0.013
-0.014
-0.013
-0.012
-0.011
-0.008
-0.003
0.003
0.008
0.011
0.013
0.013
0.013
0.011
0.01
0.008
0.007
0.007
0.006
0.005
0.004
0.003
0.001
0
0
0
0
0.001
0.002
0.003
0.003
0.003
0.004
0.005
0.007
0.007
0.006
0.006
0.007
0.007
0.007
0.007
0.005
0.002
0
-0.003
-0.004
-0.005
-0.005
-0.006
-0.007
-0.008
-0.009
-0.008
-0.005
-0.002
0
0.004
0.006
0.007
0.008
0.008
0.007
0.006
0.005
0.004
0.003
0
-0.003
-0.005
-0.008
-0.009
-0.01
-0.011
-0.01
-0.008
-0.007
-0.006
-0.004
-0.003
-0.001
0
0.002
0.004
0.005
0.006
0.006
0.006
0.006
0.006
0.005
0.005
0.005
0.004
0.003
0.003
0.002
0.002
0.002
0.003
0.004
0.005
0.006
0.005
0.004
0.004
0.002
0
-0.001
-0.002
-0.002
-0.001
0.001
0.002
0.002
0.003
0.003
0.003
0.003
0.003
0.003
0.003
0.003
0.003
0.003
0.003
0.002
0.001
-0.001
-0.002
-0.003
-0.004
-0.005
-0.005
-0.005
-0.004
-0.003
-0.002
0.001
0.001
0.002
0.004
0.004
0.004
0.004
0.005
0.005
0.005
0.004
0.003
0
-0.002
-0.004
-0.007
-0.009
-0.01
-0.01
-0.01
-0.008
-0.007
-0.006
-0.004
-0.002
0.001
0.003
0.004
0.004
0.005
0.005
0.005
0.005
0.005
0.004
0.003
0.002
0.001
-0.002
-0.004
-0.005
-0.006
-0.008
-0.009
-0.009
-0.009
-0.009
-0.008
-0.007
-0.005
-0.004
-0.002
-0.002
-0.002
-0.003
-0.003
-0.002
-0.001
0.001
0.002
0.004
0.005
0.004
0.003
0.001
0
-0.002
-0.003
-0.004
-0.005
-0.005
-0.005
-0.005
-0.006
-0.007
-0.008
-0.007
-0.005
-0.004
-0.002
0
0.002
0.004
0.006
0.008
0.008
0.008
0.007
0.008
0.009
0.009
0.009
0.009
0.007
0.006
0.005
0.003
0.003
0.003
0.004
0.003
0.001
-0.001
-0.002
-0.002
-0.003
-0.002
-0.001
-0.001
-0.001
-0.001
0
0.001
0.002
0.002
0.002
0.001
0.001
0
-0.001
-0.001
-0.002
-0.002
-0.002
-0.002
-0.001
-0.001
-0.001
-0.001
-0.001
-0.001
-0.001
-0.002
-0.003
-0.004
-0.004
-0.004
-0.004
-0.004
-0.004
-0.003
-0.002
-0.001
0
0
0
0.001
0.002
0.004
0.006
0.005
0.005
0.004
0.002
0.001
0
-0.001
-0.002
-0.004
-0.005
-0.006
-0.006
-0.006
-0.006
-0.005
-0.004
-0.003
-0.002
-0.001
0
0.001
0.001
0.001
0
0
0
0.001
0.001
0.002
0.002
0.003
0.003
0.003
0.003
0.003
0.002
0.001
0.001
0.001
0.001
0.001
0.002
0.003
0.002
0.001
0.001
0
0
0
0.001
0
0
-0.001
-0.001
0
0.001
0.003
0.004
0.003
0.002
0.002
0.001
0
-0.001
0
0.001
0
0
0
0
-0.001
-0.001
-0.002
-0.001
0
0.002
0.003
0.004
0.005
0.006
0.005
0.005
0.005
0.005
0.004
0.004
0.003
0.003
0.001
0
0
0.001
0.001
0.002
0.001
0
-0.002
-0.002
-0.003
-0.003
-0.004
-0.003
-0.003
-0.002
-0.002
-0.002
-0.002
-0.002
-0.002
0
0
0.001
0
0
0
-0.001
-0.003
-0.003
-0.004
-0.003
-0.002
-0.002
-0.003
-0.002
-0.003
-0.002
-0.003
-0.002
-0.002
-0.002
-0.001
0.001
0.003
0.004
0.003
0.003
0.002
0.001
0.001
0.002
0.002
0.002
0.001
0
-0.002
-0.003
-0.005
-0.006
-0.005
-0.004
-0.003
-0.002
-0.002
-0.002
-0.003
-0.002
-0.002
0
0.001
0.002
0.002
0.002
0.002
0.001
0.001
0.002
0.002
0.003
0.003
0.002
0.001
0
-0.002
-0.002
-0.002
-0.002
-0.003
-0.003
-0.002
-0.002
-0.001
0
0
0
0.001
0.002
0.003
0.003
0.004
0.004
0.003
0.003
0.002
0.001
0
-0.001
-0.001
-0.001
-0.002
-0.002
-0.002
-0.003
-0.003
-0.003
-0.004
-0.004
-0.003
-0.002
-0.001
0
0
0
0
0
0
0
0
0.001
0.001
0.001
0.001
0.001
0
0
-0.001
-0.001
-0.001
-0.001
-0.001
0
0
0
0
0
0
0
0
0.001
0.001
0.001
0.001
0.001
0.001
0.001
0
0.001
0
0.001
0.001
0.001
0
0
0
0
0
0
0
0.001
0
0.001
0
0
0
0
0
0
0
0
0
0
0
0
0
0
0
0
0
0
0
0
0
0
0
0
0
0
0
0
0
0
0
0
0
0
0
0
0
0
0
0
0
0
0
0
0
0
0
0
0
0
0
0
0
0
0
0
0
0
0
0
0
0
0
0
0
0
0
0
0
0
0
0
0
0
0
0
0
0
0
0
0
0
0
0
0
0
0
0
0
0
0
0
0
0
0
0
0
0
0
0
0
0
0
0
0.001
0.001
0.001
0.001
0.001
0.001
0.001
